0.000000000000000000e+00,-8.333333015441894531e+00,6.000002622604370117e-01,2.660891786217689514e-02,3.028816729784011841e-02,-9.529251456260681152e-01,3.005133271217346191e-01
-6.250000000000000000e+00,-1.388888835906982422e+01,6.000002622604370117e-01,9.785045869648456573e-03,2.083572559058666229e-02,-9.985160231590270996e-01,4.935441166162490845e-02
7.812500000000000000e+00,-1.574074077606201172e+01,6.000001430511474609e-01,4.084521438926458359e-03,-8.577979169785976410e-03,-2.473643235862255096e-02,9.996488690376281738e-01
4.687500000000000000e+00,6.481481552124023438e+00,6.000002622604370117e-01,-2.221255190670490265e-02,2.970962226390838623e-02,5.108947157859802246e-01,8.588426113128662109e-01
7.812500000000000000e-01,-1.327160453796386719e+01,6.000001430511474609e-01,1.374974846839904785e-03,-2.053072303533554077e-02,9.726713895797729492e-01,2.312723696231842041e-01
7.031250000000000000e+00,-5.864197254180908203e+00,6.000001430511474609e-01,-1.192526239901781082e-02,2.690165676176548004e-02,3.252058923244476318e-01,9.451853632926940918e-01
-5.468750000000000000e+00,1.080246925354003906e+01,6.000001430511474609e-01,-2.032922208309173584e-02,1.701115816831588745e-02,9.894479513168334961e-01,1.424434483051300049e-01
2.343750000000000000e+00,1.543209791183471680e+00,6.000001430511474609e-01,-1.968647912144660950e-02,-3.306875936686992645e-03,7.526955008506774902e-01,6.580660343170166016e-01
-7.031250000000000000e+00,-1.543209791183471680e+00,6.000002622604370117e-01,3.603803738951683044e-02,1.814719475805759430e-02,-9.983884096145629883e-01,3.990728408098220825e-02
1.171875000000000000e+01,4.012345790863037109e+00,6.000002622604370117e-01,8.478978648781776428e-03,1.795778051018714905e-02,7.037011981010437012e-01,7.102184891700744629e-01
-5.859375000000000000e+00,5.864197254180908203e+00,6.000001430511474609e-01,-5.209140479564666748e-03,3.582993522286415100e-03,9.363220930099487305e-01,3.510854840278625488e-01
3.515625000000000000e+00,-3.395061731338500977e+00,6.000001430511474609e-01,-1.382760703563690186e-02,1.295641623437404633e-02,9.047449827194213867e-01,4.255320131778717041e-01
-4.296875000000000000e+00,1.409465026855468750e+01,6.000001430511474609e-01,-2.444174326956272125e-02,-6.880891509354114532e-03,9.990319609642028809e-01,3.592107817530632019e-02
-1.171875000000000000e+00,-7.201645970344543457e-01,6.000002622604370117e-01,3.391957655549049377e-02,2.597925066947937012e-02,-8.977309465408325195e-01,4.384673237800598145e-01
-8.203125000000000000e+00,6.687242507934570312e+00,6.000002622604370117e-01,-2.145780995488166809e-02,4.594707861542701721e-04,8.326615691184997559e-01,5.533660054206848145e-01
1.054687500000000000e+01,-7.510287761688232422e+00,6.000002622604370117e-01,-2.162500098347663879e-02,1.465950626879930496e-02,9.616973400115966797e-01,2.728656530380249023e-01
5.859375000000000000e+00,-1.028806567192077637e-01,6.000002622604370117e-01,-1.573787070810794830e-02,1.769122853875160217e-02,-3.261337876319885254e-01,9.450271129608154297e-01
-6.640625000000000000e+00,1.656378555297851562e+01,6.000002622604370117e-01,2.102311700582504272e-02,-8.082531392574310303e-03,-9.679026603698730469e-01,2.503140270709991455e-01
1.953125000000000000e-01,-1.491769504547119141e+01,6.000001430511474609e-01,-1.896441355347633362e-02,5.032503977417945862e-03,-2.473361194133758545e-01,9.687311053276062012e-01
6.445312500000000000e+00,7.304526805877685547e+00,6.000001430511474609e-01,-7.365917786955833435e-03,-1.575185917317867279e-02,-4.186585545539855957e-01,9.079772233963012695e-01
1.757812500000000000e+00,-5.041152000427246094e+00,6.000001430511474609e-01,-1.529708039015531540e-03,2.005909942090511322e-02,-1.429706960916519165e-01,9.895225167274475098e-01
-7.617187500000000000e+00,-3.189300298690795898e+00,6.000001430511474609e-01,3.305322490632534027e-03,2.040851861238479614e-02,-9.790501594543457031e-01,2.025666534900665283e-01
1.113281250000000000e+01,2.366255044937133789e+00,6.000001430511474609e-01,1.363508962094783783e-02,1.506318338215351105e-03,-6.715012788772583008e-01,7.408763766288757324e-01
-5.273437500000000000e+00,-2.366255044937133789e+00,6.000001430511474609e-01,-1.326134707778692245e-02,-6.752401590347290039e-03,9.736639857292175293e-01,2.275017201900482178e-01
-3.710937500000000000e+00,1.244855976104736328e+01,6.000001430511474609e-01,-1.462143100798130035e-02,-9.961249306797981262e-03,9.413022398948669434e-01,3.371011316776275635e-01
-5.859375000000000000e-01,-7.304526805877685547e+00,6.000002622604370117e-01,-1.684521883726119995e-02,-3.415972460061311722e-03,-3.460660874843597412e-01,9.380526542663574219e-01
5.859375000000000000e-01,-1.748971104621887207e+00,6.000001430511474609e-01,-4.241611808538436890e-03,3.515166789293289185e-02,-3.644685745239257812e-01,9.305422902107238770e-01
2.148437500000000000e+00,1.306584358215332031e+01,6.000001430511474609e-01,2.674980647861957550e-02,2.327610738575458527e-02,-8.451020717620849609e-01,5.334277749061584473e-01
5.273437500000000000e+00,-6.687242507934570312e+00,6.000002622604370117e-01,-8.669139817357063293e-03,2.287813089787960052e-02,-4.794288575649261475e-01,8.772395849227905273e-01
-1.757812500000000000e+00,2.572016477584838867e+00,6.000001430511474609e-01,1.668513752520084381e-02,2.535387175157666206e-03,9.844275116920471191e-01,1.749791353940963745e-01
-6.445312500000000000e+00,2.846364736557006836e+00,6.000001430511474609e-01,3.864035755395889282e-02,2.111322805285453796e-02,-9.815300107002258301e-01,1.861719638109207153e-01
-1.953125000000000000e-01,1.025377178192138672e+01,6.000002622604370117e-01,2.162475511431694031e-02,2.884156070649623871e-03,6.504889130592346191e-01,7.592023611068725586e-01
-6.152343750000000000e+00,-4.561042308807373047e+00,6.000002622604370117e-01,-5.171826109290122986e-03,-1.157159730792045593e-02,-6.733755469322204590e-01,7.391919493675231934e-01
8.789062500000000000e-01,-3.943758487701416016e+00,6.000001430511474609e-01,-1.631125807762145996e-02,-4.025280941277742386e-03,-7.666050195693969727e-01,6.418991684913635254e-01
-5.371093750000000000e+00,-9.499314308166503906e+00,6.000001430511474609e-01,-1.329682487994432449e-02,8.020581677556037903e-03,-4.931535720825195312e-01,8.698037266731262207e-01
1.025390625000000000e+01,-1.474622726440429688e+00,6.000001430511474609e-01,2.898737788200378418e-02,-1.077050343155860901e-03,-8.397272229194641113e-01,5.422331094741821289e-01
-3.808593750000000000e+00,3.772290647029876709e-01,6.000001430511474609e-01,-2.424668334424495697e-02,2.205578237771987915e-02,5.635576248168945312e-01,8.254262208938598633e-01
-6.835937500000000000e-01,-1.443758583068847656e+01,6.000001430511474609e-01,-1.150751486420631409e-04,-1.347167789936065674e-02,8.348324298858642578e-01,5.503394007682800293e-01
2.050781250000000000e+00,-6.515774726867675781e-01,6.000001430511474609e-01,1.367651764303445816e-02,5.864290520548820496e-03,-7.001268267631530762e-01,7.138633728027343750e-01
-7.324218750000000000e+00,1.200274348258972168e+00,6.000002622604370117e-01,-5.632244050502777100e-03,-2.055763453245162964e-02,7.165067195892333984e-01,6.972544789314270020e-01
1.142578125000000000e+01,6.755829811096191406e+00,6.000002622604370117e-01,-3.258290700614452362e-03,1.089906878769397736e-02,6.803001165390014648e-01,7.328453660011291504e-01
-4.980468750000000000e+00,3.669409990310668945e+00,6.000001430511474609e-01,2.608890831470489502e-02,9.143226779997348785e-03,-7.477622032165527344e-01,6.633908748626708984e-01
4.394531250000000000e+00,-5.589848995208740234e+00,6.000001430511474609e-01,1.477417908608913422e-02,-1.568150473758578300e-03,-3.516941666603088379e-01,9.359970688819885254e-01
-2.929687500000000000e-01,-1.268861413002014160e+00,6.000002622604370117e-01,1.214028429239988327e-02,3.719407320022583008e-02,1.291033625602722168e-01,9.908590316772460938e-01
-5.957031250000000000e+00,-1.608367538452148438e+01,6.000001430511474609e-01,1.003526058048009872e-02,1.488139852881431580e-03,-8.594822287559509277e-01,5.110649466514587402e-01
-4.394531250000000000e+00,-7.853223323822021484e+00,6.000001430511474609e-01,1.755038462579250336e-02,2.450757659971714020e-02,-5.655140876770019531e-01,8.241875767707824707e-01
-1.142578125000000000e+01,-4.458161890506744385e-01,6.000001430511474609e-01,-3.939146175980567932e-02,1.507770642638206482e-02,9.213841557502746582e-01,3.863576352596282959e-01
2.636718750000000000e+00,-7.235939502716064453e+00,6.000001430511474609e-01,-3.201558720320463181e-04,-1.054336782544851303e-02,2.524348497390747070e-01,9.675563573837280273e-01
-6.738281250000000000e+00,-5.384087562561035156e+00,6.000002622604370117e-01,2.113603986799716949e-02,6.813086569309234619e-03,-7.155943512916564941e-01,6.981629729270935059e-01
-4.882812500000000000e-01,1.683813476562500000e+01,6.000002622604370117e-01,4.707480780780315399e-03,1.900877431035041809e-02,7.214174270629882812e-01,6.922234892845153809e-01
6.933593750000000000e+00,-1.464334678649902344e+01,6.000001430511474609e-01,3.363111056387424469e-03,2.238214761018753052e-02,3.535822331905364990e-01,9.351295232772827148e-01
-5.566406250000000000e+00,2.023319482803344727e+00,6.000001430511474609e-01,5.968744400888681412e-03,-1.666939444839954376e-02,9.202943444252014160e-01,3.908257484436035156e-01
-4.003906250000000000e+00,1.189986228942871094e+01,6.000001430511474609e-01,1.326018478721380234e-02,-1.046171411871910095e-03,1.261121779680252075e-01,9.919267296791076660e-01
-8.789062500000000000e-01,-2.914952039718627930e+00,6.000002622604370117e-01,-1.314593362621963024e-03,6.196229718625545502e-03,-1.884713023900985718e-01,9.820582270622253418e-01
1.464843750000000000e+00,2.640603542327880859e+00,6.000001430511474609e-01,7.962404750287532806e-03,-1.516532152891159058e-02,-1.136822924017906189e-01,9.933695197105407715e-01
1.083984375000000000e+01,2.914952039718627930e+00,6.000001430511474609e-01,3.963241353631019592e-03,2.642449364066123962e-02,6.941614151000976562e-01,7.193232178688049316e-01
-3.222656250000000000e+00,4.766803741455078125e+00,6.000001430511474609e-01,1.790091581642627716e-02,1.042404770851135254e-02,3.047718107700347900e-01,9.522001147270202637e-01
6.152343750000000000e+00,-4.492455482482910156e+00,6.000001430511474609e-01,1.689232885837554932e-02,2.119990624487400055e-02,-1.224486157298088074e-01,9.921045303344726562e-01
-9.765625000000000000e-02,-1.004801082611083984e+01,6.000002622604370117e-01,-1.964634470641613007e-02,9.792227298021316528e-03,-6.653605103492736816e-01,7.461993098258972168e-01
-3.076171875000000000e+00,-1.714677661657333374e-01,6.000001430511474609e-01,-2.713555656373500824e-02,3.559794276952743530e-02,4.057074785232543945e-01,9.129062891006469727e-01
-4.638671875000000000e+00,-1.498628234863281250e+01,6.000001430511474609e-01,-1.036594249308109283e-02,2.303820848464965820e-02,-5.303809046745300293e-01,8.473829627037048340e-01
1.098632812500000000e+01,-6.961591243743896484e+00,6.000002622604370117e-01,3.077402897179126740e-02,9.119695052504539490e-03,-6.509246826171875000e-01,7.584635019302368164e-01
-1.513671875000000000e+00,9.705075263977050781e+00,6.000001430511474609e-01,-8.626504801213741302e-03,-6.878991611301898956e-03,1.080675050616264343e-01,9.940822720527648926e-01
3.955078125000000000e+00,4.458161890506744385e-01,6.000001430511474609e-01,-5.335731897503137589e-03,8.557778783142566681e-03,-6.711032986640930176e-01,7.412953376770019531e-01
2.392578125000000000e+00,-1.436899852752685547e+01,6.000001430511474609e-01,-1.579464599490165710e-02,2.183655463159084320e-02,8.517230302095413208e-02,9.960017204284667969e-01
1.176757812500000000e+01,-1.354595279693603516e+01,6.000002622604370117e-01,1.808224187698215246e-04,-1.728747040033340454e-02,3.126429419353371486e-06,9.998505711555480957e-01
-7.324218750000000000e-01,3.120713233947753906e+00,6.000002622604370117e-01,1.150115020573139191e-02,3.040939942002296448e-02,-8.625992536544799805e-01,5.048422217369079590e-01
-4.248046875000000000e+00,-1.817558288574218750e+00,6.000001430511474609e-01,2.373492345213890076e-03,3.105546534061431885e-02,-6.617262363433837891e-01,7.490983009338378906e-01
-1.123046875000000000e+00,-1.663237190246582031e+01,6.000002622604370117e-01,-8.854291401803493500e-03,1.743599958717823029e-02,8.973091840744018555e-01,4.409691691398620605e-01
7.470703125000000000e+00,-3.669409990310668945e+00,6.000001430511474609e-01,2.900221152231097221e-04,-1.523115439340472221e-03,2.632337212562561035e-01,9.647309184074401855e-01
2.783203125000000000e+00,-1.200274348258972168e+00,6.000001430511474609e-01,1.469950564205646515e-02,8.612756617367267609e-03,2.124478965997695923e-01,9.770238399505615234e-01
5.908203125000000000e+00,-1.601508903503417969e+01,6.000002622604370117e-01,-3.406936302781105042e-03,4.631565418094396591e-03,9.515129923820495605e-01,3.075547814369201660e-01
-6.591796875000000000e+00,6.515774726867675781e-01,6.000001430511474609e-01,2.129538916051387787e-04,1.475803740322589874e-02,9.534653425216674805e-01,3.011411726474761963e-01
6.494140625000000000e+00,-8.607681274414062500e+00,6.000001430511474609e-01,-2.233199775218963623e-02,5.075367167592048645e-03,-6.276547908782958984e-01,7.781549096107482910e-01
-1.318359375000000000e+00,1.474622726440429688e+00,6.000002622604370117e-01,2.038024365901947021e-02,-7.945593446493148804e-03,-6.200807690620422363e-01,7.842330336570739746e-01
1.025390625000000000e+00,7.030178070068359375e+00,6.000001430511474609e-01,-1.604177802801132202e-02,1.289981510490179062e-02,2.898721992969512939e-01,9.568440318107604980e-01
1.040039062500000000e+01,-5.315500736236572266e+00,6.000001430511474609e-01,-4.077543970197439194e-03,-1.517075672745704651e-02,9.986527562141418457e-01,4.945506900548934937e-02
-2.099609375000000000e+00,1.135116577148437500e+01,6.000002622604370117e-01,-3.451327979564666748e-02,2.196359634399414062e-02,5.796737074851989746e-01,8.138211369514465332e-01
5.712890625000000000e+00,2.091906785964965820e+00,6.000001430511474609e-01,8.116614073514938354e-03,1.143843028694391251e-02,2.866561524569988251e-02,9.994906783103942871e-01
-2.490234375000000000e+00,6.412894248962402344e+00,6.000002622604370117e-01,-2.875952236354351044e-02,2.661306038498878479e-02,6.073568463325500488e-01,7.934622168540954590e-01
-4.052734375000000000e+00,-8.401920318603515625e+00,6.000001430511474609e-01,7.845791988074779510e-03,-1.824900507926940918e-02,-9.991997480392456055e-01,3.471569716930389404e-02
1.157226562500000000e+01,-2.754915237426757812e+00,6.000002622604370117e-01,-1.819288171827793121e-02,1.831686124205589294e-02,6.707631945610046387e-01,7.412220835685729980e-01
-9.277343750000000000e-01,1.391175079345703125e+01,6.000001430511474609e-01,1.145022548735141754e-02,2.080201916396617889e-02,-8.340646624565124512e-01,5.511554479598999023e-01
-4.833984375000000000e+00,-9.030635356903076172e-01,6.000001430511474609e-01,9.289192035794258118e-03,1.878278888761997223e-02,5.351650714874267578e-01,8.444876074790954590e-01
2.978515625000000000e+00,-1.016232299804687500e+01,6.000001430511474609e-01,-1.926324330270290375e-02,1.085509732365608215e-02,-2.343310415744781494e-01,9.719054102897644043e-01
-1.464843750000000000e-01,-5.841334819793701172e+00,6.000001430511474609e-01,4.440434277057647705e-03,6.165971979498863220e-03,-5.223679542541503906e-01,8.526861667633056641e-01
-4.541015625000000000e+00,4.035207748413085938e+00,6.000001430511474609e-01,-3.038670681416988373e-02,4.753883928060531616e-03,9.522200822830200195e-01,3.038601279258728027e-01
4.833984375000000000e+00,-5.224050998687744141e+00,6.000001430511474609e-01,-1.060588378459215164e-02,2.241096459329128265e-03,3.370419740676879883e-01,9.414272308349609375e-01
1.108398437500000000e+01,1.699817085266113281e+01,6.000002622604370117e-01,1.289559411816298962e-03,-7.836661534383893013e-04,7.448993325233459473e-01,6.671751737594604492e-01
-1.416015625000000000e+00,-1.077960681915283203e+01,6.000002622604370117e-01,-1.250180788338184357e-02,-3.837363794445991516e-03,-6.943307518959045410e-01,7.195373177528381348e-01
-1.157226562500000000e+01,-3.372199296951293945e+00,6.000001430511474609e-01,-2.372457413002848625e-03,7.142081856727600098e-03,9.948232769966125488e-01,1.013405546545982361e-01
7.177734375000000000e+00,2.183356046676635742e+00,6.000001430511474609e-01,-2.551740594208240509e-02,1.742835715413093567e-02,8.598932027816772461e-01,5.095378756523132324e-01
2.490234375000000000e+00,3.006401300430297852e+00,6.000001430511474609e-01,-2.294514328241348267e-02,7.490822579711675644e-03,9.367665648460388184e-01,3.491215109825134277e-01
-3.759765625000000000e+00,-1.736396789550781250e+01,6.000001430511474609e-01,3.538315743207931519e-02,1.842575892806053162e-02,-5.328539013862609863e-01,8.452663421630859375e-01
-6.347656250000000000e-01,1.226566028594970703e+01,6.000001430511474609e-01,2.442271448671817780e-02,8.847121149301528931e-03,-8.859430551528930664e-01,4.630661010742187500e-01
-5.712890625000000000e+00,-7.487425327301025391e+00,6.000001430511474609e-01,-8.512077853083610535e-03,-9.736741892993450165e-03,-9.343573451042175293e-01,3.561027050018310547e-01
3.662109375000000000e+00,-1.931870102882385254e+00,6.000002622604370117e-01,-1.360326912254095078e-02,6.298578809946775436e-03,-1.724866032600402832e-02,9.997388124465942383e-01
2.099609375000000000e+00,-1.674668502807617188e+01,6.000001430511474609e-01,1.867928169667720795e-02,2.333903312683105469e-02,-1.815190352499485016e-02,9.993882179260253906e-01
-8.056640625000000000e+00,-5.018289566040039062e+00,6.000001430511474609e-01,8.280741982161998749e-03,-7.398353889584541321e-03,-9.396843314170837402e-01,3.418626487255096436e-01
1.069335937500000000e+01,5.372656583786010742e-01,6.000001430511474609e-01,4.068517312407493591e-02,9.454215876758098602e-03,-8.006246685981750488e-01,5.977085232734680176e-01
-5.908203125000000000e+00,1.061956977844238281e+01,6.000001430511474609e-01,-2.127490937709808350e-03,7.836130447685718536e-03,-9.744250774383544922e-01,2.245659679174423218e-01
1.904296875000000000e+00,1.360310912132263184e+00,6.000001430511474609e-01,-8.557471446692943573e-03,1.046905294060707092e-02,1.938248723745346069e-01,9.809429645538330078e-01
1.127929687500000000e+01,3.829446554183959961e+00,6.000002622604370117e-01,2.926907129585742950e-02,2.262554503977298737e-02,-7.301525473594665527e-01,6.822820305824279785e-01
4.248046875000000000e+00,-3.577960491180419922e+00,6.000001430511474609e-01,-9.869807399809360504e-03,3.338304162025451660e-02,-2.572171390056610107e-01,9.657264351844787598e-01
-4.394531250000000000e-01,7.430269718170166016e-01,6.000002622604370117e-01,-1.321660075336694717e-02,4.632467776536941528e-02,6.627748608589172363e-01,7.472676038742065430e-01
-5.517578125000000000e+00,-1.407178783416748047e+01,6.000001430511474609e-01,-2.297838591039180756e-02,1.312059443444013596e-02,2.006307095289230347e-01,9.793094992637634277e-01
-3.955078125000000000e+00,-6.390031814575195312e+00,6.000001430511474609e-01,8.656340651214122772e-03,4.444097727537155151e-02,-5.723748803138732910e-01,8.187412023544311523e-01
7.763671875000000000e+00,6.572930812835693359e+00,6.000001430511474609e-01,1.653268001973628998e-02,2.607403509318828583e-02,-4.393132030963897705e-01,8.978033065795898438e-01
-1.611328125000000000e+00,3.486511230468750000e+00,6.000002622604370117e-01,-2.372456714510917664e-02,-1.161173544824123383e-02,9.979722499847412109e-01,5.791117623448371887e-02
3.076171875000000000e+00,-5.772747993469238281e+00,6.000001430511474609e-01,-1.881470158696174622e-02,1.178184058517217636e-02,9.221374392509460449e-01,3.862247765064239502e-01
-6.298828125000000000e+00,-3.920896053314208984e+00,6.000001430511474609e-01,-2.234641462564468384e-02,6.482659839093685150e-03,9.923653006553649902e-01,1.211188659071922302e-01
-6.225585937500000000e+00,-1.451760411262512207e+00,6.000002622604370117e-01,1.380970142781734467e-02,1.719003915786743164e-02,4.232919216156005859e-01,9.057250022888183594e-01
7.836914062500000000e+00,-3.303612232208251953e+00,6.000001430511474609e-01,-1.947845146059989929e-02,-6.449702195823192596e-04,3.514840006828308105e-01,9.359909296035766602e-01
3.930664062500000000e+00,-1.729538154602050781e+01,6.000002622604370117e-01,1.819756068289279938e-02,-3.782017156481742859e-03,-5.331989526748657227e-01,8.457857370376586914e-01
2.368164062500000000e+00,1.233424758911132812e+01,6.000001430511474609e-01,1.969413831830024719e-03,-2.277049794793128967e-02,-6.884952783584594727e-01,7.248805761337280273e-01
5.493164062500000000e+00,-7.418838500976562500e+00,6.000002622604370117e-01,2.727320976555347443e-02,-1.177665777504444122e-03,-9.986899495124816895e-01,4.328025132417678833e-02
1.174316406250000000e+01,1.480338287353515625e+01,6.000002622604370117e-01,-1.517621800303459167e-03,2.672212198376655579e-02,-4.756253659725189209e-01,8.792406916618347168e-01
-7.568359375000000000e-01,-1.297439384460449219e+01,6.000001430511474609e-01,1.477422192692756653e-02,-5.596335977315902710e-03,8.293088674545288086e-01,5.585672855377197266e-01
-4.272460937500000000e+00,-1.791266441345214844e+01,6.000001430511474609e-01,2.039964124560356140e-02,3.594975173473358154e-02,-6.822890043258666992e-01,7.299130558967590332e-01
1.135253906250000000e+01,-4.949702739715576172e+00,6.000002622604370117e-01,-2.339781075716018677e-02,9.319099597632884979e-03,7.017218470573425293e-01,7.120057344436645508e-01
4.321289062500000000e+00,2.457704544067382812e+00,6.000001430511474609e-01,-7.590805180370807648e-03,1.689492538571357727e-02,-2.561760246753692627e-01,9.664526581764221191e-01
-3.662109375000000000e-01,5.132601737976074219e+00,6.000002622604370117e-01,2.265251008793711662e-03,1.985264942049980164e-02,-9.879010915756225586e-01,1.537924855947494507e-01
2.197265625000000000e-01,-4.126657485961914062e+00,6.000001430511474609e-01,-7.104894611984491348e-03,-1.272553205490112305e-02,-2.324624508619308472e-01,9.724962115287780762e-01
-6.030273437500000000e+00,-9.682212829589843750e+00,6.000002622604370117e-01,1.098168827593326569e-02,1.047415193170309067e-03,-8.295546770095825195e-01,5.583166480064392090e-01
8.032226562500000000e+00,-1.647233581542968750e+01,6.000001430511474609e-01,-1.024062652140855789e-02,1.779839396476745605e-02,-2.105548381805419922e-01,9.773663878440856934e-01
-1.342773437500000000e+00,-1.462048435211181641e+01,6.000002622604370117e-01,-1.518126763403415680e-02,2.303807064890861511e-02,9.896584749221801758e-01,1.407657116651535034e-01
-1.149902343750000000e+01,7.601737499237060547e+00,6.000001430511474609e-01,-2.888359688222408295e-02,7.354208268225193024e-03,7.849540710449218750e-01,6.188366413116455078e-01
-5.249023437500000000e+00,1.007087326049804688e+01,6.000001430511474609e-01,-6.362681277096271515e-03,-2.627442590892314911e-04,6.719761490821838379e-01,7.405454516410827637e-01
-2.124023437500000000e+00,-4.743941307067871094e+00,6.000001430511474609e-01,-2.644750289618968964e-02,8.539093658328056335e-03,8.056689500808715820e-01,5.917138457298278809e-01
2.563476562500000000e+00,8.116140365600585938e-01,6.000001430511474609e-01,-3.372139064595103264e-03,1.062487065792083740e-02,-2.087946683168411255e-01,9.778959751129150391e-01
5.688476562500000000e+00,-1.400320053100585938e+01,6.000002622604370117e-01,1.101110782474279404e-02,7.738243788480758667e-03,-9.901160597801208496e-01,1.396029889583587646e-01
-6.811523437500000000e+00,2.663465976715087891e+00,6.000001430511474609e-01,-1.009285915642976761e-02,4.139030352234840393e-03,6.344298720359802246e-01,7.729034423828125000e-01
8.422851562500000000e+00,1.085962533950805664e+00,6.000001430511474609e-01,-4.209884442389011383e-03,-1.990008726716041565e-02,6.633118391036987305e-01,7.480666041374206543e-01
-9.521484375000000000e-01,-2.000457286834716797e+00,6.000002622604370117e-01,3.622445277869701385e-03,-7.555354386568069458e-03,-8.069353699684143066e-01,5.905803442001342773e-01
1.076660156250000000e+01,-3.852308988571166992e+00,6.000001430511474609e-01,-1.592933759093284607e-02,3.284343704581260681e-02,6.656572818756103516e-01,7.453643679618835449e-01
-1.733398437500000000e+00,1.281435775756835938e+01,6.000002622604370117e-01,-3.191854804754257202e-03,-9.190043201670050621e-04,-9.950062036514282227e-01,9.975781291723251343e-02
-3.295898437500000000e+00,-6.938728809356689453e+00,6.000001430511474609e-01,1.024213060736656189e-02,-1.743426360189914703e-02,-9.075292348861694336e-01,4.195020198822021484e-01
-4.565429687500000000e+00,-1.352309036254882812e+01,6.000001430511474609e-01,-1.122903823852539062e-02,3.593156859278678894e-02,5.101213455200195312e-01,8.592782020568847656e-01
7.153320312500000000e+00,-1.537494277954101562e+01,6.000001430511474609e-01,-1.996214315295219421e-02,3.176130121573805809e-04,-5.340223014354705811e-02,9.983735084533691406e-01
-5.346679687500000000e+00,1.291723847389221191e+00,6.000001430511474609e-01,-5.270470865070819855e-04,-1.776539720594882965e-02,-9.848034381866455078e-01,1.727609336376190186e-01
2.465820312500000000e+00,-1.290580654144287109e+01,6.000001430511474609e-01,-2.378176897764205933e-02,-1.139121502637863159e-02,9.297380447387695312e-01,3.672761321067810059e-01
8.715820312500000000e+00,-5.498399734497070312e+00,6.000001430511474609e-01,-1.133083738386631012e-02,-1.994587015360593796e-03,-1.910282522439956665e-01,9.815171957015991211e-01
5.590820312500000000e+00,1.672382164001464844e+01,6.000002622604370117e-01,1.353385299444198608e-02,-1.176679506897926331e-05,7.480820417404174805e-01,6.634683012962341309e-01
-6.591796875000000000e-01,-3.646547794342041016e+00,6.000002622604370117e-01,2.654498443007469177e-02,5.247979424893856049e-03,-6.339508295059204102e-01,7.728998064994812012e-01
2.075195312500000000e+00,1.178555107116699219e+01,6.000001430511474609e-01,-4.988025408238172531e-03,-6.570461206138134003e-03,9.364973306655883789e-01,3.505776226520538330e-01
8.325195312500000000e+00,-1.043667125701904297e+01,6.000001430511474609e-01,1.003942172974348068e-02,-7.041317410767078400e-03,-6.315134763717651367e-01,7.752678990364074707e-01
5.200195312500000000e+00,-3.029263734817504883e+00,6.000001430511474609e-01,8.080305531620979309e-03,1.136255171149969101e-02,2.229662612080574036e-03,9.999003410339355469e-01
-1.831054687500000000e+00,-3.543666899204254150e-01,6.000001430511474609e-01,-1.523379050195217133e-02,1.614311151206493378e-02,7.707372307777404785e-01,6.367663741111755371e-01
2.856445312500000000e+00,5.201188564300537109e+00,6.000001430511474609e-01,9.871447458863258362e-03,-1.059843786060810089e-02,7.728426456451416016e-01,6.344323754310607910e-01
-3.393554687500000000e+00,-1.516918087005615234e+01,6.000001430511474609e-01,-9.879104793071746826e-03,1.103208400309085846e-02,-3.205918371677398682e-01,9.471017122268676758e-01
5.981445312500000000e+00,-9.613625526428222656e+00,6.000002622604370117e-01,8.775480091571807861e-03,-1.454071886837482452e-02,-5.843537449836730957e-01,8.113212585449218750e-01
-2.685546875000000000e-01,9.522176742553710938e+00,6.000002622604370117e-01,-7.313867099583148956e-03,3.642268851399421692e-02,6.969556212425231934e-01,7.161513566970825195e-01
3.442382812500000000e+00,2.629172205924987793e-01,6.000001430511474609e-01,3.936194628477096558e-02,1.282083988189697266e-02,-9.385021328926086426e-01,3.427827358245849609e-01
-1.245117187500000000e+00,4.583904743194580078e+00,6.000001430511474609e-01,-2.527515636757016182e-03,-3.865433856844902039e-03,1.678401976823806763e-01,9.858033657073974609e-01
1.098632812500000000e+00,-4.675354480743408203e+00,6.000001430511474609e-01,-1.921507716178894043e-02,2.517694979906082153e-02,-3.913864120841026306e-02,9.987317323684692383e-01
-5.151367187500000000e+00,-1.023090934753417969e+01,6.000001430511474609e-01,8.973225019872188568e-03,3.430384397506713867e-02,-6.619800925254821777e-01,7.486822605133056641e-01
1.047363281250000000e+01,2.732053041458129883e+00,6.000002622604370117e-01,-1.436199340969324112e-02,1.510415691882371902e-02,-7.687798738479614258e-01,6.391738057136535645e-01
-3.588867187500000000e+00,-2.732053041458129883e+00,6.000001430511474609e-01,3.567381761968135834e-03,3.970284014940261841e-02,-4.626405835151672363e-01,8.856492638587951660e-01
5.786132812500000000e+00,2.823502540588378906e+00,6.000002622604370117e-01,6.436700001358985901e-03,-1.732564158737659454e-02,6.949025988578796387e-01,7.188662886619567871e-01
-4.638671875000000000e-01,-1.754686737060546875e+01,6.000002622604370117e-01,-1.205644942820072174e-02,1.558040641248226166e-02,-8.922960758209228516e-01,4.510207176208496094e-01
6.958007812500000000e+00,-4.583904743194580078e+00,6.000001430511474609e-01,-8.734550327062606812e-03,1.837893575429916382e-02,-3.643258213996887207e-01,9.310492277145385742e-01
-7.104492187500000000e+00,-2.629172205924987793e-01,6.000002622604370117e-01,1.205432787537574768e-02,2.365521388128399849e-03,-9.700093865394592285e-01,2.427569776773452759e-01
1.164550781250000000e+01,5.292638301849365234e+00,6.000002622604370117e-01,5.485527217388153076e-04,-1.359921693801879883e-02,5.825771093368530273e-01,8.126614689826965332e-01
7.739257812500000000e+00,-9.522176742553710938e+00,6.000001430511474609e-01,-1.307538058608770370e-02,8.490446489304304123e-04,-3.347738683223724365e-01,9.422074556350708008e-01
4.614257812500000000e+00,-7.053040504455566406e+00,6.000002622604370117e-01,-1.869786903262138367e-02,6.389369256794452667e-03,-6.245759129524230957e-01,7.807141542434692383e-01
1.086425781250000000e+01,1.516918087005615234e+01,6.000002622604370117e-01,3.393138758838176727e-03,1.101904176175594330e-02,-8.046997785568237305e-01,5.935699939727783203e-01
-7.324218750000000000e-02,2.206218481063842773e+00,6.000001430511474609e-01,-1.519488170742988586e-02,3.679004032164812088e-03,3.562154471874237061e-01,9.342730045318603516e-01
4.760742187500000000e+00,1.177411913871765137e+00,6.000002622604370117e-01,3.319171443581581116e-02,1.174568291753530502e-02,-6.249116659164428711e-01,7.799010872840881348e-01
-2.270507812500000000e+00,5.498399734497070312e+00,6.000001430511474609e-01,-2.839466743171215057e-02,3.403684869408607483e-02,7.943207621574401855e-01,6.058793067932128906e-01
-3.833007812500000000e+00,-9.316414833068847656e+00,6.000001430511474609e-01,2.332723513245582581e-02,3.307173028588294983e-02,-4.868488013744354248e-01,8.725482225418090820e-01
-6.958007812500000000e+00,-6.847279071807861328e+00,6.000002622604370117e-01,1.278354879468679428e-02,2.286345139145851135e-02,-8.906149864196777344e-01,4.540030956268310547e-01
1.179199218750000000e+01,-1.291723847389221191e+00,6.000002622604370117e-01,1.616578921675682068e-02,-7.816044613718986511e-03,-6.245545148849487305e-01,7.807747125625610352e-01
-5.786132812500000000e+00,5.601280331611633301e-01,6.000001430511474609e-01,-2.954612718895077705e-03,-2.155910059809684753e-02,-9.968117475509643555e-01,7.676512002944946289e-02
3.588867187500000000e+00,6.115683555603027344e+00,6.000001430511474609e-01,-5.359472706913948059e-04,-1.787479780614376068e-02,-9.889031052589416504e-01,1.474815309047698975e-01
-1.098632812500000000e+00,-6.024233818054199219e+00,6.000002622604370117e-01,-6.941908970475196838e-03,-3.665004856884479523e-03,-5.014185905456542969e-01,8.651692867279052734e-01
2.807617187500000000e+00,9.407864570617675781e+00,6.000001430511474609e-01,-3.832755237817764282e-02,1.385240070521831512e-02,8.471978306770324707e-01,5.297120809555053711e-01
-3.442382812500000000e+00,3.852308988571166992e+00,6.000001430511474609e-01,-5.034690722823143005e-03,7.295090705156326294e-03,-5.308215022087097168e-01,8.474373221397399902e-01
5.932617187500000000e+00,-5.406949996948242188e+00,6.000002622604370117e-01,-1.404619030654430389e-02,-2.197504043579101562e-02,2.663888633251190186e-01,9.635127186775207520e-01
-6.567382812500000000e+00,1.125971603393554688e+01,6.000002622604370117e-01,2.549296617507934570e-02,-1.466861926019191742e-02,-9.771124720573425293e-01,2.106802314519882202e-01
-3.173828125000000000e-01,-1.096250534057617188e+01,6.000002622604370117e-01,1.483692601323127747e-02,7.144799456000328064e-04,-6.552853584289550781e-01,7.552353739738464355e-01
-4.418945312500000000e+00,-1.590077686309814453e+01,6.000001430511474609e-01,-1.617345213890075684e-02,3.341502975672483444e-03,-9.951319098472595215e-01,9.715865552425384521e-02
4.956054687500000000e+00,-1.034522151947021484e+01,6.000002622604370117e-01,1.245746389031410217e-03,-2.254838310182094574e-02,-6.057769656181335449e-01,7.953139543533325195e-01
-1.293945312500000000e+00,1.372885227203369141e+01,6.000001430511474609e-01,-4.255366697907447815e-02,2.893611788749694824e-03,9.470462799072265625e-01,3.182517588138580322e-01
-5.200195312500000000e+00,-8.219020843505859375e+00,6.000001430511474609e-01,-5.340641364455223083e-04,4.451442882418632507e-02,-2.855022847652435303e-01,9.573435187339782715e-01
2.612304687500000000e+00,-1.747828102111816406e+01,6.000001430511474609e-01,-8.662131614983081818e-03,-1.229974906891584396e-02,-3.764110803604125977e-01,9.263306260108947754e-01
-5.590820312500000000e+00,-1.315729236602783203e+01,6.000001430511474609e-01,-3.194922953844070435e-02,5.691647529602050781e-03,8.342815637588500977e-01,5.503829717636108398e-01
-8.715820312500000000e+00,-5.749885559082031250e+00,6.000001430511474609e-01,2.200363669544458389e-03,2.133922278881072998e-02,-9.452562928199768066e-01,3.256228864192962646e-01
-4.028320312500000000e+00,1.657521724700927734e+00,6.000001430511474609e-01,-1.391878165304660797e-02,-1.316996198147535324e-02,7.225314974784851074e-01,6.910722851753234863e-01
1.159667968750000000e+01,9.682212829589843750e+00,6.000002622604370117e-01,-2.852666564285755157e-02,1.166833005845546722e-02,6.636137962341308594e-01,7.474402189254760742e-01
7.690429687500000000e+00,-5.132601737976074219e+00,6.000001430511474609e-01,-3.956559114158153534e-03,1.997521333396434784e-02,5.670559406280517578e-01,8.234276175498962402e-01
-1.684570312500000000e+00,-3.280749797821044922e+00,6.000002622604370117e-01,-2.712305448949337006e-02,7.815546356141567230e-03,9.612892866134643555e-01,2.740915119647979736e-01
-6.079101562500000000e+00,4.949702739715576172e+00,6.000002622604370117e-01,4.719167016446590424e-03,1.786623499356210232e-03,8.486983776092529297e-01,5.288531780242919922e-01
3.295898437500000000e+00,-4.309556484222412109e+00,6.000001430511474609e-01,2.386363595724105835e-02,2.531100064516067505e-03,-8.095742464065551758e-01,5.865266919136047363e-01
1.110839843750000000e+01,-1.665523529052734375e+01,6.000002622604370117e-01,1.181009784340858459e-02,3.632901608943939209e-02,-7.093063592910766602e-01,7.038645148277282715e-01
-1.391601562500000000e+00,1.143118366599082947e-02,6.000001430511474609e-01,8.210904896259307861e-03,-6.365442182868719101e-03,-7.818590402603149414e-01,6.233687400817871094e-01
-5.297851562500000000e+00,-1.480338287353515625e+01,6.000001430511474609e-01,2.162253484129905701e-02,2.847646921873092651e-02,-6.161275669001042843e-04,9.993603825569152832e-01
-8.422851562500000000e+00,7.418838500976562500e+00,6.000001430511474609e-01,-1.607093401253223419e-02,-1.442062295973300934e-02,-2.318069164175540209e-04,9.997668266296386719e-01
-3.735351562500000000e+00,-4.926840305328369141e+00,6.000001430511474609e-01,-8.971244096755981445e-03,4.452181607484817505e-02,5.791620016098022461e-01,8.139463663101196289e-01
5.639648437500000000e+00,6.287150979042053223e-01,6.000002622604370117e-01,-1.628530956804752350e-02,1.331459172070026398e-02,1.887948364019393921e-01,9.817911982536315918e-01
5.615234375000000000e-01,-1.418609905242919922e+01,6.000001430511474609e-01,-8.725504390895366669e-03,-1.674018055200576782e-02,9.824298620223999023e-01,1.856753081083297729e-01
